albion_trade_node={
	location=1086
	color={
		96 142 190 
	}
	outgoing={
		name="middle_sea_trade_node"
		path={
			1471 1252 1266 
		}
		control={
			2413.000000 1627.000000 2445.000000 1578.000000 
		}
	}
	outgoing={
		name="norsca_trade_node"
		path={
			1471 1252 1266 
		}
		control={
			2467.000000 1728.000000 2536.000000 1730.000000 2563.000000 1748.000000 2601.000000 1804.000000 2673.000000 1825.000000 
		}
	}
	members={
		1098 1178 1097 1166 1073 1066 1078 1079 1089 1088 1087 1086 1094 1095 1093 1861 1091 1090 1092 4369 1081 1082 1034 1080 1180 1083 1084 1202 1182 1179 1173 1085 
	}
}
mordheim_trade_node={
	location=187
	inland=yes
	color={
		34 18 63 
	}
	outgoing={
		name="aver_river_trade_node"
		path={
			1471 1252 1266 
		}
		control={
			2859.000000 1553.000000 
		}
	}
	outgoing={
		name="talabec_river_trade_node"
		path={
			1471 1252 1266 
		}
		control={
			2896.000000 1638.000000 
		}
	}
	members={
		75 74 76 186 188 187 182 178 179 180 181 183 189 184 185 191 192 193 197 194 198 199 195 196 200 201 202 4539 4540 
	}
}
land_of_the_devishes_trade_node={
	location=1749
	inland=yes
	color={
	
		96 75 96 
	}
	outgoing={
		name="sud_trade_node"
		path={
			4204 4203 1125 1246 1004 
		}
		control={
			2233.000000 828.000000 
		}
	}
	outgoing={
		name="gulf_of_medes_trade_node"
		path={
			1762 1764 1768 1113 1114 1115 
		}
		control={
			2465.000000 863.000000 
		}
	}
	outgoing={
		name="fertile_heart_trade_node"
		path={
			1747 1242 1237 4107 1021 1020 1019 1017 4193 1746 
		}
		control={
			2195.000000 889.000000 2139.000000 1030.000000 2096.000000 1057.000000 
		}
	}
	members={
		1749 1747 1744 1745 1242 1743 1121 1742 1122 1240 1124 1241 1238 1239 1235 1231 1233 1236 1232 1234 1762 1764 1768 1765 1766 1761 1760 1763 4107 1237 1021 1023 1026 1020 1022 
	}
}
great_desert_trade_node={
	location=968
	color={
		235 211 153 
	}
	outgoing={
		name="fertile_heart_trade_node"
		path={
			1000 1998 1746 
		}
		control={
			2268.000000 1193.000000 
		}
	}
	outgoing={
		name="great_mortis_river_trade_node"
		path={
			963 961 957 913 896 
		}
		control={
			2435.000000 1137.000000 
		}
	}
	members={
		968 963 914 983 999 961 957 1033 917 918 907 906 905 915 903 913 955 956 960 959 962 958 908 886 919 922 570 574 586 587 387 
	}
}
ka_sabar_trade_node={
	location=1010
	inland=yes
	color={
		207 62 42 
	}
	outgoing={
		name="quatar_trade_node"
		path={
			1788 926 929 930 931 
		}
		control={
			2828.000000 853.000000 
		}
	}
	outgoing={
		name="gulf_of_medes_trade_node"
		path={
			1782 1780 1776 1118 1117 1116 1115 
		}
		control={
			2638.000000 796.000000 
		}
	}
	members={
		1010 1785 1779 1786 1789 1788 1792 1793 1794 4210 4209 1791 1790 4208 4207 4199 1783 1781 1784 1782 1780 
	}
}
northern_wastes_trade_node={
	location=2551
	color={
		22 200 108 
	}
	outgoing={
		name="norsca_trade_node"
		path={
			2554 2556 2557 1498 1924 1265 395 398 461 459 
		}
		control={
			2340.000000 1903.000000 2611.000000 1879.000000 
		}
	}
	outgoing={
		name="the_watchtowers_trade_node"
		path={
			2547 2546 2543 2541 2538 2537 2535 2533 2585 2584 2582 
		}
		control={
			1767.000000 1971.000000 1201.000000 1961.000000 
		}
	}
	members={
		2543 2546 2544 2542 2545 2547 2548 2549 2553 2557 2558 2560 2562 2564 2563 2565 2561 2559 2556 2554 2555 2551 2552 2550 972 1213 1751 1987 1752 2434 2508 2358 
	}
}
the_watchtowers_trade_node={
	location=2582
	color={
		140 103 67 
	}
	inland=yes
	outgoing={
		name="naggarond_trade_node"
		path={
			4930 2008 2009 
		}
		control={
			1061.000000 1869.000000 902.000000 1843.000000 
		}
	}
	outgoing={
		name="slavers_gate_trade_node"
		path={
			1962 2527 2528 4056 2529 1990 1532 2566 
		}
		control={
			1222.000000 1886.000000 1296.000000 1900.000000 1387.000000 1884.000000 
		}
	}
	members={
		2582 1962 2527 2528 2031 2030 1963 2526 2027 2580 2576 2571 2074 2574 2569 2525 2503 2568 2531 2541 2538 2537 2535 2534 2533 2532 2585 2584 2583 2581 2577 2579 2578 2575 2573 2572 2530 2006 
	}
}
dragon_fang_mount_trade_node={
	location=1723
	color={
		0 128 64 
	}
	outgoing={
		name="pigbarter_trade_node"
		path={
			2152 2156 2155 2204 2145 
		}
		control={
			3531.000000 1266.000000 3430.000000 1285.000000 
		}
	}
	outgoing={
		name="city_of_spices_trade_node"
		path={
			1686 1521 4065 
		}
		control={
			3615.000000 1255.000000 3638.000000 1144.000000 3745.000000 1097.000000 
		}
	}
	members={
		4269 4268 4260 4262 4261 4266 4267 4270 4263 4265 4271 4264 2274 2280 2282 2283 2285 2287 2286 2284 2281 2277 2279 1608 1686 1615 1338 4854 4158 1723 1681 1463 1720 1721 4839 4840 4841 4842 4850 4851 4856 4857 4862 4867 4855 4866 4860 4861 4858 4859 4864 4863 4849 4853 4852 4848 4844 4845 4846 4847 601 
	}
}
bitter_sea_trade_node={
	location=1428
	color={
		92 34 25 
	}
	outgoing={
		name="lybaras_trade_node"
		path={
			1298 1187 1189 1191 1061 1058 
		}
		control={
			3146.000000 1121.000000 3183.000000 1105.000000 
		}
	}
	outgoing={
		name="pigbarter_trade_node"
		path={
			1298 1339 2126 2144 2145 
		}
		control={
			3079.000000 1215.000000 3100.000000 1193.000000 3197.000000 1178.000000 3313.000000 1212.000000 
		}
	}
	outgoing={
		name="karak_eight_peaks_trade_node"
		path={
			1106 1105 4392 4402 4629 4731 4156 4414 
		}
		control={
			3035.000000 1243.000000 3035.000000 1302.000000 3025.000000 1310.000000 
		}
	}
	members={
		1108 1109 1110 1111 1112 1035 1036 1048 1105 1107 1106 1104 1184 1103 1102 1101 1428 1298 1200 1185 1218 1100 1099 1201 1181 1216 1183 1221 4389 4388 4390 4391 4393 4392 666 4402 4629 377 374 
	}
}
city_of_spices_trade_node={
	location=4065
	color={
		71 201 146 
	}
	outgoing={
		name="eastern_colonies_trade_node"
		path={
			4067 4069 1519 1516 1525 1512 2778 2748 
		}
		control={
			3636.000000 719.000000 3555.000000 478.000000 
		}
	}
	outgoing={
		name="western_ind_trade_node"
		path={
			4067 4069 4253 4083 4093 4095 4188 4192 4103 
		}
		control={
			3789.000000 1009.000000 3818.000000 952.000000 3899.000000 900.000000 
		}
	}
	members={
		2294 4065 4071 4078 4069 4077 4079 4072 4253 4067 4066 4070 2289 2290 2291 2295 2296 2297 2298 4068 2299 2293 2292 4180 4089 4091 4255 4081 4082 4254 4073 4085 4093 4084 4083 4151 
	}
}
hanyu_port_trade_node={
	location=2972
	color={
		128 128 0 
	}
	outgoing={
		name="wei_jin_trade_node"
		path={
			2977 2979 2983 4022 4023 2843 2836 2838 
		}
		control={
			4011.000000 1397.000000 
		}
	}
	outgoing={
		name="ivory_road_trade_node"
		path={
			1215 4272 2812 2813 2814 2808 2806 2805 2803 2796 2794 2795 
		}
		control={
			3826.000000 1281.000000 3804.000000 1320.000000 3779.000000 1340.000000 3707.000000 1314.000000 3676.000000 1378.000000 3641.000000 1369.000000 3605.000000 1369.000000 
		}
	}
	members={
		2958 2954 4054 2960 2959 2961 2956 2962 2963 2973 2980 2979 2977 2972 2971 2970 2969 2333 2964 1215
	}
}
new_coast_trade_node={
	location=4286
	color={
		186 101 224 
	}
	outgoing={
		name="gulf_of_medes_trade_node"
		path={
			1627 1500 4178 4176 4171 1449 
		}
		control={
			2493.000000 441.000000 2305.000000 647.000000 
		}
	}
	outgoing={
		name="southern_mountains_trade_node"
		path={
			4288 4290 4887 4889 4086 4598 
		}
		control={
			2669.000000 473.000000 2796.000000 606.000000 2867.000000 621.000000 2867.000000 696.000000 2858.000000 743.000000 
		}
	}
	members={
		4286 4178 4179 4276 4277 4278 4280 4282 4281 4283 4284 4285 4287 4289 4288 4324 4321 4320 4319 4323 4322 4318 4299 4317 4298 4296 4297 4295 4294 4293 4292 4291 4290 1500 1627 1464 1462 4882 4880 4881 4883 4884 4887 4890 4889 4886 4885 4891 4888 
	}
}
lybaras_trade_node={
	location=1058
	color={
		56 172 97 
	}
	outgoing={
		name="quatar_trade_node"
		path={
			1193 1059 1198 1197 1196 1069 970 931 
		}
		control={
			3137.000000 914.000000 2973.000000 936.000000 2905.000000 944.000000 
		}
	}
	outgoing={
		name="eastern_colonies_trade_node"
		path={
			1057 1797 1052 1495 1507 1512 2778 2748 
		}
		control={
			3311.000000 1008.000000 3430.000000 940.000000 3393.000000 723.000000 3461.000000 492.000000 
		}
	}
	members={
		1058 1193 1061 1186 1057 1056 1060 1198 1199 1059 1192 1190 1188 1189 1187 1191 1065 1063 1062 782 829 1064 1068 1069 1072 1197 1070 1196 1194 1222 1195 1076 1071 1077 1075 1074 834 842 1052 1053 1054 1055 4351 609 4868 4878 4869 4871 4872 4873 4874 4876 4879 4877 
	}
}
gulf_of_medes_trade_node={
	location=1449
	color={
		37 143 135 
	}
	outgoing={
		name="sud_trade_node"
		path={
			1336 1758 1756 1754 1466 4200 1246 1004 
		}
		control={
			2303.000000 738.000000 
		}
	}
	members={
		1115 1114 1116 1117 1776 1118 1777 1774 1772 1773 1771 1113 1770 1769 1757 1753 1754 1755 1767 1759 1758 1756 1778 4173 4171 4170 4169 4166 4274 4198 4176 4177 4275 1449 1467 1336 
	}
}
quatar_trade_node={
	location=931
	inland=yes
	color={
		207 210 120 
	}
	outgoing={
		name="great_mortis_river_trade_node"
		path={
			932 943 944 892 862 860 1256 896 
		}
		control={
			2720.000000 991.000000 
		}
	}
	members={
		931 970 951 935 840 936 937 939 940 938 943 944 942 950 954 932 930 929 926 949 948 946 947 928 927 924 925 952 953 945 933 934 969 923 920 909 
	}
}
pigbarter_trade_node={
	location=2145
	color={
		255 128 128 
	}
	outgoing={
		name="eastern_colonies_trade_node"
		path={
			1333 1339 1332 1351 1495 1507 1512 2778 2748 
		}
		control={
			3371.000000 1262.000000 3366.000000 1237.000000 3355.000000 1224.000000 3370.000000 1129.000000 3455.000000 941.000000 3498.000000 531.000000 
		}
	}
	outgoing={
		name="the_sentinels_trade_node"
		path={
			2204 2205 2218 2209 
		}
		control={
			3399.000000 1297.000000 3435.000000 1311.000000 3445.000000 1337.000000 3474.000000 1350.000000 3476.000000 1374.000000 
		}
	}
	outgoing={
		name="the_wolf_lands_trade_node"
		path={
			2144 1984 2202 2197 2198 2196 2099 2737 
		}
		control={
			3364.000000 1308.000000 3290.000000 1326.000000 3221.000000 1348.000000 
		}
	}
	members={
		2145 2204 2144 4108 2126 2155 2156 2147 2154 2272 2201 2212 2202 4258 2170 2168 2167 2169 2172 2163 1249 1248 1120 1051 2152 1333 1339 4808 2273 2276 2271 2270 
	}
}
spine_of_sotek_trade_node={
	location=4175
	color={
		0 0 255 
	}
	outgoing={
		name="the_capes_trade_node"
		path={
			1386 2514 2517 2518 2521 4153 4363 1380 4355 
		}
		control={
			1061.000000 263.000000 1219.000000 107.000000 1449.530029 38.419998 1641.000000 44.000000 
		}
	}
	outgoing={
		name="fu_chow_trade_node"
		path={
			1386 1556 1403 1405 1409 1636 1629 1618 1609 1595 1593 1549 4243 
		}
		control={
			559.000000 498.000000 5399.000000 761.000000 4554.000000 1212.000000 
		}
	}
	members={
		4822 4585 4586 4027 2518 2521 2524 2523 1988 2522 2517 2520 4030 1044 4152 4174 4219 2511 4175 4231 1038 4064 2514 2507 2504 4063 2505 4230 2934 4195 2930 4311 2935 4229 4238 1037 1039 2822 850 4242 4236 4240 4239 4241 2339 4059 2820 2347 2002 
	}
}
the_wolf_lands_trade_node={
	location=2737
	inland=yes
	color={
		158 135 160 
	}
	outgoing={
		name="badlands_trade_node"
		path={
			2099 2189 2183 2184 4167 736 453 537 734 190 177 
		}
		control={
			3096.000000 1345.000000 2982.000000 1366.000000 2887.000000 1325.000000 
		}
	}
	outgoing={
		name="barak_varr_trade_node"
		path={
			2099 2189 2183 2184 4167 691 756 753 754 
		}
		control={
			3104.000000 1365.000000 3054.000000 1424.000000 2928.000000 1430.000000 
		}
	}
	members={
		2737 2099 2196 2198 2213 2214 2199 2157 2166 2195 2197 2193 2189 2185 2184 1205 1206 2180 2178 2176 2823 2183 2192 2190 2181 2182 2179 2191 2177 2175 2174 2173 2171 2162 2165 2164 2160 2158 2161 2203 2159 4232 4196 4750 
	}
}
badlands_trade_node={
	location=177
	inland=yes
	color={
		230 152 162 
	}
	outgoing={
		name="zandri_road_trade_node"
		path={
			1471 1252 1266 
		}
		control={
			2734.000000 1231.000000 
		}
	}
	outgoing={
		name="barak_varr_trade_node"
		path={
			1471 1252 1266 
		}
		control={
			2855.000000 1352.000000 
		}
	}
	outgoing={
		name="great_mortis_river_trade_node"
		path={
			176 712 711 710 709 732 550 111 1282 1256 896 
		}
		control={
			2783.000000 1077.000000 
		}
	}
	members={
		711 713 712 723 708 707 705 706 686 755 559 681 676 491 444 405 397 738 733 735 463 480 547 244 253 243 265 313 270 741 679 667 386 537 453 736 479 168 176 174 173 154 148 142 165 143 151 163 164 170 734 177 175 172 190 824 778 820 822 832 831 
	}
}
zandri_road_trade_node={
	location=102
	color={
		182 234 98 
	}
	outgoing={
		name="myrmidens_trade_node"
		path={
			1471 1252 1266 
		}
		control={
			2668.000000 1290.000000 
		}
	}
	outgoing={
		name="great_mortis_river_trade_node"
		path={
			1296 1282 1256 896 
		}
		control={
			2585.000000 1214.000000 
		}
	}
	members={
		138 722 710 709 737 730 715 727 726 731 732 72 73 77 91 102 106 724 108 725 109 111 550 721 714 720 115 121 124 649 716 717 718 719 557 728 729 129 750 619 819 830 
	}
}
great_mortis_river_trade_node={
	location=896
	color={
		136 53 228 
	}
	outgoing={
		name="tilean_sea_trade_node"
		path={
			1256 1282 1296 1314 743 744 610 609 604 601 1300 
		}
		control={
			2499.000000 1267.000000 
		}
	}
	members={
		896 897 904 898 899 910 900 901 911 912 902 869 871 884 876 864 860 852 841 617 502 114 120 825 889 893 887 828 843 844 853 855 892 862 854 845 846 1032 848 851 849 833 837 836 835 857 858 838 839 859 941 895 894 
	}
}
the_capes_trade_node={
	location=4355
	color={
		255 128 128 
	}
	outgoing={
		name="dawns_light_trade_node"
		path={
			1380 1439 1444 1445 1452 1455 1461 4327 
		}
		control={
			2071.000000 83.000000 
		}
	}
	outgoing={
		name="river_qurveza_trade_node"
		path={
			1380 1539 4375 4373 2498 2494 2492 2467 2466 
		}
		control={
			1548.000000 193.000000 1464.000000 433.000000 1405.000000 465.000000 1305.000000 431.000000 
		}
	}
	members={
		4829 4830 4820 4355 4356 4352 4363 4360 1040 4359 1207 4361 4354 4362 4375 4368 4372 4366 4371 4367 4370 4365 4364 4353 4374 4373 
	}
}
river_qurveza_trade_node={
	location=2466
	color={
		128 255 0 
	}
	outgoing={
		name="great_jungle_trade_node"
		path={
			2468 1378 1529 1586 2413 
		}
		control={
			1431.000000 570.000000 
		}
	}
	outgoing={
		name="amaxon_trade_node"
		path={
			2464 2465 2459 2450 2362 2278 2216 2148 1045 2401 2390 2388 1527 
		}
		control={
			1153.000000 550.000000 1172.000000 625.000000 1080.000000 685.000000 1183.000000 755.000000 
		}
	}
	members={
		4383 4385 4384 4386 4387 2466 2468 2463 2465 2472 2474 1042 2477 2486 2488 2489 2490 2487 2483 2493 2497 4217 4218 2263 2501 2498 2485 2484 4223 2479 2476 2475 2461 2440 2438 2437 2467 2473 2464 2491 2478 2482 2481 2492 2469 2462 2436 4216 2423 2422 2435 2494 2495 2470 2496 2262 2499 2500 4227 847 
	}
}
mangrove_coast_trade_node={
	location=4843
	color={
		128 0 0 
	}
	outgoing={
		name="dawns_light_trade_node"
		path={
			4338 4336 1487 4331 4330 4329 4328 4327 
		}
		control={
			3172.000000 375.000000 2967.000000 156.000000 
		}
	}
	outgoing={
		name="southern_mountains_trade_node"
		path={
			4345 4348 1795 4895 4894 4086 4598 
		}
		control={
			3031.000000 608.000000 2938.000000 628.000000 2887.000000 619.000000 
		}
	}
	members={
		4339 4345 4344 4337 4338 4336 4335 4334 4348 4349 4350 1493 1490 1487 4843 4900 4902 4898 4899 4896 4894 4895 4897 4901 4875 4903 4904 4905 
	}
}
great_jungle_trade_node={
	location=2413
	color={
		128 128 64 
	}
	outgoing={
		name="amaxon_trade_node"
		path={
			2412 2411 2409 1528 1527 
		}
		control={
			1560.000000 690.000000 1343.000000 780.000000 
		}
	}
	members={
		2418 2414 2413 2415 2420 2416 2447 2459 2449 2431 2404 2043 1992 2448 2446 2429 2460 2445 2443 2444 2427 2432 2439 2441 2442 2502 2433 2419 2421 2417 2406 2407 2408 2410 2409 2412 2411 1999 
	}
}
amaxon_trade_node={
	location=1527
	color={
		130 172 93 
	}
	outgoing={
		name="isthmus_of_lustria"
		path={
			1503 1508 2330 2329 1542 4220 2315 2312 
		}
		control={
			1207.000000 885.000000 1088.569946 1034.630005 
		}
	}
	members={
		470 1527 2458 2457 4228 2454 2453 2288 2452 2451 2450 2395 2455 2379 2378 2456 2363 2359 2360 4222 4213 4212 2361 2366 2367 2365 4221 2380 2376 2375 2368 2377 2381 2382 2383 2384 2385 2370 2371 2372 2373 2374 2389 2397 2396 2400 2386 2387 2388 2401 4214 2402 2399 2390 2392 2393 2391 2003 1045 1047 2055 2004 2394 4215 2345 2346 
	}
}
isthmus_of_lustria={
	location=2312
	color={
		128 128 64 
	}
	outgoing={
		name="arnheim_trade_node"
		path={
			2315 1509 1531 1365 2142 
		}
		control={
			1162.000000 1195.000000 
		}
	}
	outgoing={
		name="magritta_trade_node"
		path={
			2315 1509 1305 1279 1277 1299 1313 1582 1572 1630 1278 554 248 544 542 498 553 
		}
		control={
			1226.000000 1112.000000 1415.000000 952.000000 1742.000000 1001.000000 2235.000000 1333.000000 
		}
	}
	members={
		2312 2315 2398 2356 2303 2304 2305 2306 2349 2351 2350 2352 2353 2354 2355 2313 2326 2325 2320 2317 4220 2311 2310 2309 2307 2308 2323 2314 2322 2321 2324 2319 2318 2334 2327 2329 2330 2340 2342 2343 2328 2337 2331 
	}
}
western_ind_trade_node={
	location=4103
	color={
		152 84 138 
	}
	outgoing={
		name="eastern_colonies_trade_node"
		path={
			1526 1524 1515 4306 4308 2778 2748 
		}
		control={
			3999.000000 828.000000 3779.000000 547.000000 3715.000000 412.000000 
		}
	}
	outgoing={
		name="grand_canal_trade_node"
		path={
			4110 4106 4111 4250 2937 2938 2872 
		}
		control={
			4009.000000 857.000000 4059.000000 896.000000 4064.000000 927.000000 4071.000000 950.000000 4063.000000 976.000000 
		}
	}
	members={
		4103 4105 4130 4181 4185 4189 4075 4074 4096 4099 4098 4182 4183 4101 4184 4097 4100 4186 4187 4188 4190 4076 4191 4087 4106 4192 4102 4110 4109 4104 4252 4092 4095 
	}
}
athel_loren_trade_node={
	location=662
	inland=yes
	color={
		0 128 0 
	}
	outgoing={
		name="river_brienne_trade_node"
		path={
			684 678 236 
		}
		control={
			2666.000000 1505.000000 
		}
	}
	outgoing={
		name="river_grismerie_trade_node"
		path={
			664 765 774 267 
		}
		control={
			2680.000000 1539.000000 
		}
	}
	members={
		662 767 768 776 772 682 675 670 685 668 674 678 775 680 673 687 661 774 777 672 660 765 684 773 771 769 770 664 764 663 763 671 677 665 683 766 669 
	}
}
river_grismerie_trade_node={
	location=267
	inland=yes
	color={
		22 21 99 
	}
	outgoing={
		name="middle_sea_trade_node"
		path={
			1471 1252 1266 
		}
		control={
			2682.000000 1553.000000 2648.000000 1572.000000 2613.000000 1596.000000 2597.000000 1611.000000 2572.000000 1596.000000 2545.000000 1595.000000 2526.000000 1575.000000 2507.000000 1586.000000 
		}
	}
	outgoing={
		name="marienburg_trade_node"
		path={
			1471 1252 1266 
		}
		control={
			2722.000000 1569.000000 2724.000000 1599.000000 
		}
	}
	members={
		4908 4909 245 280 281 262 261 268 267 269 263 205 6 13 5 12 266 271 275 276 259 319 577 277 278 260 274 279 204 272 304 320 311 321 
	}
}
river_brienne_trade_node={
	location=236
	inland=yes
	color={
		71 204 192 
	}
	outgoing={
		name="middle_sea_trade_node"
		path={
			1471 1252 1266 
		}
		control={
			2585.000000 1507.000000 2536.000000 1506.000000 2511.000000 1536.000000 
		}
	}
	outgoing={
		name="tilean_sea_trade_node"
		path={
			1471 1252 1266 
		}
		control={
			2643.000000 1452.000000 
		}
	}
	members={
		226 227 225 230 229 216 215 236 237 238 222 235 234 220 214 213 212 219 221 210 217 523 522 521 688 
	}
}
southern_mountains_trade_node={
	location=4598
	inland=yes
	color={
		236 52 216 
	}
	outgoing={
		name="karak_eight_peaks_trade_node"
		path={
			4237 926 929 930 932 938 859 837 835 824 163 2200 4156 4414 
		}
		control={
			2892.000000 782.000000 2906.000000 826.000000 2937.000000 881.000000 2978.000000 915.000000 2978.000000 975.000000 3029.000000 1061.000000 3000.000000 1147.000000 2960.000000 1211.000000 2960.000000 1256.000000 3040.000000 1299.000000 
		}
	}
	members={
		4812 4811 4814 4810 4816 4817 4809 4819 4815 4598 4237 4273 4465 4575 4482 4437 4422 4398 4279 4581 4583 4576 1214 4578 4579 4580 4584 4582 4748 4599 4588 4589 4590 4592 4591 4594 4595 4593 4399 4400 4396 4394 4397 4395 4596 4403 4401 4409 4406 4408 4574 4404 4597 4405 4407 567 382 385 4835 4893 
	}
}
karak_eight_peaks_trade_node={
	location=4414
	inland=yes
	color={
		14 198 205 
	}
	outgoing={
		name="karaz_a_karak_trade_node"
		path={
			4156 1206 4167 882 881 867 878 870 704 701 700 
		}
		control={
			2990.000000 1331.000000 2989.000000 1388.000000 2989.000000 1413.000000 2989.000000 1449.000000 2989.000000 1474.000000 2987.000000 1518.000000 2966.000000 1504.000000 
		}
	}
	members={
		4414 4413 4410 4418 4417 4416 4415 4420 4419 4421 4530 4425 4434 4424 4438 4412 4436 4411 4439 4435 4423 4440 224 4441 4442 4443 4444 4447 4448 4445 4446 4449 4450 4740 4733 4737 4735 4738 4749 4743 4747 4741 4730 4744 4734 4736 4742 4739 4746 4745 4732 4731 4729 371 364 369 372 370 
	}
}
nippon_trade_node={
	location=4780
	color={
		238 47 132 
	}
	outgoing={
		name="fu_chow_trade_node"
		path={
			4781 2364 4141 1592 1591 1548 1506 4243 
		}
		control={
			4640.000000 933.000000 4624.000000 1061.000000 
		}
	}
	outgoing={
		name="broken_lands_trade_node"
		path={
			1584 1583 1606 1618 1631 1634 1425 1415 1684 1557 1422 
		}
		control={
			4784.000000 952.000000 5434.000000 1115.000000 
		}
	}
	outgoing={
		name="calith_trade_node"
		path={
			4777 4772 4791 2341 1558 1537 1535 1522 2902 2890 2879 2877 
		}
		control={
			4693.000000 873.000000 4760.000000 814.000000 4812.000000 652.000000 4533.000000 363.000000 4241.000000 211.000000 
		}
	}
	members={
		4780 4783 4784 2216 4781 4782 4788 2430 4792 2338 2341 4763 4764 4771 4791 4141 2362 2248 2220 2069 4777 4787 4766 4765 4768 4774 4770 4773 4760 4761 4762 4776 4772 4778 4779 4775 4769 4431 4430 4767 4785 2148 4818 2509 2510 2513 2519 2516 4789 
	}
}
khuresh_trade_node={
	location=4807
	color={
		161 152 84 
	}
	outgoing={
		name="grand_canal_trade_node"
		path={
			2955 4433 2943 2865 2869 2872 
		}
		control={
			4066.000000 697.000000 4053.000000 818.000000 4102.000000 888.000000 
		}
	}
	outgoing={
		name="calith_trade_node"
		path={
			2967 4806 4571 4432 4786 4172 2878 2877 
		}
		control={
			4195.000000 519.000000 
		}
	}
	members={
		4807 2957 2978 2939 2932 2937 2987 2989 2993 4021 2991 2995 4026 4806 2967 2955 2515 2867 4111 4432 2950 2948 2949 2947 2943 2865 2862 2860 2871 2856 2857 2858 2881 2887 2906 2875 2874 2912 2917 2913 2925 2927 2929 4833 4832 1220 
	}
}
ihan_trade_node={
	location=4798
	color={
		157 193 67 
	}
	outgoing={
		name="hungaria_trade_node"
		path={
			1575 2827 2826 2825 4037 2708 2709 2713 2728 2727 
		}
		control={
			4399.000000 1350.000000 4389.000000 1506.000000 
		}
	}
	members={
		4798 4799 4797 4796 4795 4794 4793 4804 4803 4802 4801 4800 4805 
	}
}
hungaria_trade_node={
	location=2727
	color={
		0 128 0 
	}
	outgoing={
		name="wei_jin_trade_node"
		path={
			2736 2739 2738 2710 4038 2826 2830 2837 2838 
		}
		control={
			4070.000000 1659.000000 
		}
	}
	outgoing={
		name="kurgania_trade_node"
		path={
			2728 2726 2717 2716 2696 1997 2681 2679 2671 2664 
		}
		control={
			3776.000000 1754.000000 
		}
	}
	members={
		4379 4378 4380 4381 4382 4053 2885 2824 4377 2153 2719 4034 2735 2821 2819 2151 1211 4050 4049 4051 4052 2150 2720 2146 2149 1217 4046 1219 1964 2098 2011 4045 4047 4048 4044 4057 4058 4043 4042 2722 4060 2734 2729 2728 2731 2724 2711 2726 2725 2733 2730 2727 4061 2736 2739 4041 4040 4039 4038 2738 2713 2712 2706 4035 4036 2707 2708 2709 2710 4037 4459 4460 
	}
}
kurgania_trade_node={
	location=2664
	inland=yes
	color={
		128 128 255 
	}
	outgoing={
		name="path_to_the_east_trade_node"
		path={
			2663 2763 2762 
		}
		control={
			3517.000000 1644.000000 
		}
	}
	outgoing={
		name="the_skull_road_trade_node"
		path={
			2665 2659 2656 2651 2645 2641 2637 2634 2632 
		}
		control={
			3200.000000 1873.000000 
		}
	}
	members={
		2658 2659 2660 2666 2703 2702 2684 2685 2669 2662 2663 2665 2680 2670 2668 1823 2700 2699 2717 2715 2718 2714 2716 2697 1997 2683 2698 2701 2692 2705 2704 2696 2723 2732 2694 2693 2695 2664 2661 2672 2667 2674 2675 2678 2677 2686 2688 2691 2689 2687 2673 2676 2679 2690 2681 2682 2671 4828 4938 
	}
}
path_to_the_east_trade_node={
	location=2762
	inland=yes
	color={
		71 208 191 
	}
	outgoing={
		name="zharr_naggrund_trade_node"
		path={
			2760 4197 810 
		}
		control={
			3442.000000 1614.000000 3370.000000 1574.000000 3315.000000 1601.000000 
		}
	}
	members={
		2761 2753 2752 2749 2750 2751 2754 2755 2756 2757 2758 2762 2763 2759 2764 2774 2773 2765 2767 2768 2770 2771 2791 2769 2775 2776 2777 4300 4303 2766 4301 4302 2801 2772 2799 2792 2800 2798 1208 4936 599 
	}
}
the_skull_road_trade_node={
	location=2632
	color={
		198 176 103 
	}
	outgoing={
		name="norsca_trade_node"
		path={
			1475 1474 412 1265 395 398 461 459 
		}
		control={
			2919.000000 1874.000000 2841.000000 1852.000000 2739.000000 1846.000000 
		}
	}
	outgoing={
		name="wheatlands_trade_node"
		path={
			2634 1168 794 
		}
		control={
			3101.000000 1791.000000 
		}
	}
	members={
		1817 1170 4906 4907  2632 2630 2627 1808 2639 2638 2637 2631 2634 2633 2635 2629 2636 2648 2652 2653 2649 2650 2646 2647 2644 2651 2645 2642 2641 2640 2628 4062 2643 1991 2570 2657 2656 2655 2654 4923 4928 4924 4926 4929 
	}
}
norsca_trade_node={
	location=459
	color={
		117 88 207 
	}
	outgoing={
		name="sea_of_claws_trade_node"
		path={
			1471 1252 1266 
		}
		control={
			2711.000000 1805.000000 2715.000000 1798.000000 2713.000000 1790.000000 2721.000000 1780.000000 2730.000000 1764.000000 2756.000000 1755.000000 
		}
	}
	outgoing={
		name="troll_county_trade_node"
		path={
			1471 1252 1266 
		}
		control={
			2779.000000 1834.000000 2783.000000 1821.000000 2839.000000 1808.000000 2846.000000 1786.000000 
		}
	}
	members={
		408 401 420 422 421 429 423 454 435 417 436 399 434 403 449 450 406 402 452 458 396 395 455 459 461 460 462 466 409 394 464 469 465 412 467 414 416 418 419 476 821 468 425 400 404 398 407 457 979 1161 1160 1165 1164 1162 1146 
	}
}
broken_lands_trade_node={
	location=1422
	color={
		0 128 128 
	}
	outgoing={
		name="naggarond_trade_node"
		path={
			2123 4930 2008 2009 
		}
		control={
			752.000000 1584.000000 701.000000 1699.000000 776.000000 1752.000000 804.000000 1809.000000 
		}
	}
	outgoing={
		name="arnheim_trade_node"
		path={
			2121 2119 2115 4931 2094 2092 2085 1365 2142 
		}
		control={
			845.150024 1366.310059 1018.000000 1377.000000 
		}
	}
	outgoing={
		name="fu_chow_trade_node"
		path={
			1557 1684 1415 1425 1634 1631 1619 1609 1595 1593 1549 4243 
		}
		control={
			329.000000 1381.000000 
		}
	}
	members={
		4831 1422 2125 2127 2124 2122 2117 2116 2115 2119 2120 2123 2121 2118 2114 2113 2112 2106 2110 2109 2302 2300 2301 921 2107 2108 2111 2128 2131 4259 2130 2132 2595 2133 2594 2134 2135 2136 2137 2480 2138 2139 2140 2597 2596 2598 2599 2600 2601 2602 2603 2604 2605 2606 2608 2607 2610 2611 2609 2612 2615 2613 2616 2617 2614 2622 2621 2623 2625 2624 2626 2620 2619 1424 1682 1559 1557 1684 1687 1694 1427 2618 
	}
}
naggarond_trade_node={
	location=2009
	color={
		128 0 255 
	}
	outgoing={
		name="slavers_gate_trade_node"
		path={
			1355 1285 1349 1372 1352 1532 2566 
		}
		control={
			860.000000 1788.000000 906.000000 1798.000000 1028.000000 1768.000000 1239.000000 1799.000000 1306.000000 1825.000000 1401.000000 1824.000000 
		}
	}
	members={
		2586 2587 2026 2025 2024 2022 2023 2021 2017 2240 2014 1982 2018 2020 2015 2019 2590 2588 2592 2591 2589 1041 2042 2041 2045 2039 2040 2037 2038 2036 2034 2033 2035 2032 1985 2593 1986 2016 1318 2010 2013 2009 2012 2008 2405 1355 1285 1363 1349 1347 
	}
}
slavers_gate_trade_node={
	location=2566
	color={
		185 14 114 
	}
	outgoing={
		name="western_ulthuan_trade_node"
		path={
			1995 1803 1960 1354 1362 1322 1279 1294 1869 
		}
		control={
			1535.000000 1775.000000 1499.000000 1611.000000 1324.000000 1413.000000 
		}
	}
	members={
		2566 1801 1995 1960 2066 2064 2063 2062 2061 2046 2044 2050 2071 2051 2072 2052 2053 2057 2060 2058 2054 2075 2059 2073 1961 1981 1803 1804 1979 2567 2536 1990 2529 1750 4056 2056 2539 2540 1372 1350 1352 1532 1353 1354 1356 1989 2029 2028 
	}
}
arnheim_trade_node={
	location=2142
	color={
		255 255 0 
	}
	outgoing={
		name="western_ulthuan_trade_node"
		path={
			1364 1570 1305 1294 1869 
		}
		control={
			1242.000000 1346.000000 
		}
	}
	outgoing={
		name="bilbali_trade_node"
		path={
			1364 1362 1280 1358 1569 1568 1567 1563 1278 554 
		}
		control={
			1373.000000 1471.000000 1703.000000 1583.000000 2285.000000 1550.000000 
		}
	}
	members={
		2142 2070 1306 2065 2068 2067 2143 2077 2079 2076 2080 2093 2089 2088 2087 2092 2085 2091 2086 2082 2083 2081 2078 2141 2097 2084 2096 2049 1273 2048 2047 2102 2094 2095 2090 2100 2105 2104 2103 2348 
	}
}
western_ulthuan_trade_node={
	location=1869
	color={
		137 172 59 
	}
	outgoing={
		name="inner_sea_trade_node"
		path={
			1294 1324 1862 1925 1852 1275 1394 451 
		}
		control={
			1387.000000 1256.000000 1402.000000 1194.000000 1442.000000 1111.000000 1494.000000 1083.000000 1515.000000 1067.000000 
		}
	}
	members={
		1875 1877 1880 1882 1829 1879 1876 1933 1950 1978 1934 1878 1874 1873 1872 1901 1835 1870 1867 1866 1865 1862 1925 1868 1864 1863 1869 1277 1321 1279 1294 1324 1328 1831 1839 
	}
}
grand_canal_trade_node={
	location=2872
	color={
		78 136 81 
	}
	outgoing={
		name="celestial_riverlands_trade_node"
		path={
			2875 2883 1505 2921 2919 
		}
		control={
			4072.000000 1004.000000 4113.000000 1082.000000 4135.000000 1133.000000 
		}
	}
	outgoing={
		name="fu_chow_trade_node"
		path={
			2875 2883 1383 2910 2894 2903 4249 2931 1506 4243 
		}
		control={
			4117.000000 1080.000000 4193.000000 1067.000000 4214.000000 1014.000000 4265.000000 1051.000000 4299.000000 1037.000000 4336.000000 984.000000 4366.000000 981.000000 4402.000000 1077.000000 
		}
	}
	members={
		4823 4824 4825 4826 4827 4257 2944 2938 4250 4112 2869 2940 2945 2941 2946 2951 2872 2868 2870 2876 2883 2884 2882 2866 2863 2864 2512 
	}
}
celestial_riverlands_trade_node={
	location=2919
	color={
		185 175 105 
	}
	outgoing={
		name="fu_chow_trade_node"
		path={
			2905 2929 2931 1506 4243 
		}
		control={
			4160.000000 1217.000000 4189.000000 1234.000000 4235.000000 1197.000000 4259.000000 1203.000000 4267.000000 1218.000000 
		}
	}
	outgoing={
		name="wei_jin_trade_node"
		path={
			2920 2923 1514 2985 2986 4025 4024 4023 2843 2836 2838 
		}
		control={
			4138.000000 1324.000000 
		}
	}
	members={
		2986 2988 2990 2976 2920 2926 2921 2918 2916 2911 2914 2915 2908 2907 2928 2905 2924 2922 2919 2923 2968 2975 2985 2966 2909 2904 2335 2965 
	}
}
fu_chow_trade_node={
	location=4243
	color={
		128 64 0 
	}
	outgoing={
		name="wei_jin_trade_node"
		path={
			1506 3000 2998 4020 4031 4032 2854 2844 2836 2838 
		}
		control={
			4330.740234 1309.520020 4305.000000 1470.000000 4162.000000 1481.000000 
		}
	}
	outgoing={
		name="calith_trade_node"
		path={
			2933 2899 1552 1550 1419 2879 2877 
		}
		control={
			4431.000000 1079.000000 4423.000000 850.000000 4346.000000 711.000000 4450.000000 599.000000 4275.000000 261.000000 
		}
	}
	members={
		4243 2852 3000 2999 2998 3003 3002 3001 4020 2933 2931 4249 2903 2894 2910 2888 2901 2997 4251 2861 2859 2886 2892 2889 2891 2898 1549 1506 1548 1418 
	}
}
wei_jin_trade_node={
	location=2838
	color={
		255 128 64 
	}
	outgoing={
		name="ivory_road_trade_node"
		path={
			2836 2843 2992 2993 2991 2982 2840 2793 2802 2796 2794 2795 
		}
		control={
			3863.000000 1413.000000 3770.000000 1447.000000 3654.000000 1429.000000 3605.000000 1435.000000 
		}
	}
	members={
		2838 2837 2834 2854 2853 2851 2850 2847 2848 2829 2828 2833 4023 2994 2982 2840 2974 2981 2842 2984 2843 2992 2839 2841 2832 2831 2825 2830 2826 2827 2855 2835 2836 2844 2845 2846 2983 4022 4024 4025 4028 4248 4029 4031 4032 4033 4247 2996 1573 1575 
	}
}
ivory_road_trade_node={
	location=2795
	color={
		194 211 117 
	}
	outgoing={
		name="the_sentinels_trade_node"
		path={
			2783 2269 1335 2211 2209 
		}
		control={
			3517.000000 1420.000000 
		}
	}
	members={
		2787 2785 2780 2782 2784 2786 2788 2796 2789 2794 2790 2797 2809 2810 2811 2812 2813 2816 2817 2818 2802 2815 2803 2795 2804 2805 2807 2806 2808 2814 4272 
	}
}
the_sentinels_trade_node={
	location=2209
	color={
		168 176 104 
	}
	outgoing={
		name="zharr_naggrund_trade_node"
		path={
			2219 2227 2236 2243 2245 471 805 806 810 
		}
		control={
			3353.000000 1533.000000 
		}
	}
	outgoing={
		name="gates_of_zhar_trade_node"
		path={
			2219 2227 2234 2233 2235 
		}
		control={
			3322.000000 1438.000000 
		}
	}
	members={
		2209 2211 2210 2226 2219 2218 2207 2206 2205 2269 2268 2267 2208 2229 2228 2266 2238 2275 1008 2241 2242 2244 2237 2236 2227 2225 2217 2215 
	}
}
gates_of_zhar_trade_node={
	location=2235
	inland=yes
	color={
		148 215 111 
	}
	outgoing={
		name="zharr_naggrund_trade_node"
		path={
			2246 817 814 811 810 
		}
		control={
			3260.000000 1549.000000 
		}
	}
	outgoing={
		name="barak_varr_trade_node"
		path={
			2232 2230 2249 4155 867 879 874 875 818 4950 754 
		}
		control={
			3127.000000 1489.000000 3057.000000 1482.000000 2979.000000 1483.000000 2951.000000 1468.000000 2907.000000 1483.000000 
		}
	}
	members={
		2235 2233 2243 2234 2223 2224 2245 2246 2247 2187 2186 2188 2221 2222 2232 2231 2230 2249 2251 2254 2255 2253 2250 2252 1983 2721 1993 
	}
}
barak_varr_trade_node={
	location=754
	color={
		88 44 103 
	}
	outgoing={
		name="myrmidens_trade_node"
		path={
			1471 1252 1266 
		}
		control={
			2828.000000 1411.000000 2802.000000 1411.000000 2770.000000 1400.000000 2757.000000 1388.000000 2717.000000 1350.000000 2696.000000 1339.000000 
		}
	}
	outgoing={
		name="aver_river_trade_node"
		path={
			1471 1252 1266 
		}
		control={
			2889.000000 1492.000000 
		}
	}
	members={
		754 752 753 756 818 758 757 658 64 690 696 691 692 693 877 880 878 689 698 694 697 739 823 657 656 827 826 856 866 865 875 873 874 879 868 872 870 861 863 867 881 883 885 888 890 891 882 4950 1308 1303 1309 415 4080 4837 48 
	}
}
myrmidens_trade_node={
	location=642
	color={
		73 62 63 
	}
	outgoing={
		name="tilean_sea_trade_node"
		path={
			1471 1252 1266 
		}
		control={
			2613.000000 1293.000000 2554.000000 1322.000000 
		}
	}
	members={
		615 614 616 630 629 638 651 631 633 642 639 640 641 637 635 634 632 636 645 644 643 647 646 648 650 652 653 655 654 747 746 748 749 751 745 1314 1371 1370 218 223 211 413 
	}
}
aver_river_trade_node={
	location=52
	inland=yes
	color={
		115 115 208 
	}
	outgoing={
		name="marienburg_trade_node"
		path={
			1471 1252 1266 
		}
		control={
			2760.889893 1549.989990 2749.000000 1567.000000 2759.000000 1584.000000 
		}
	}
	outgoing={
		name="talabec_river_trade_node"
		path={
			1471 1252 1266 
		}
		control={
			2830.000000 1583.000000 
		}
	}
	members={
		19 22 27 28 31 32 23 14 33 35 37 36 38 70 71 78 53 203 56 63 67 66 65 69 68 49 55 50 52 51 54 58 61 62 59 60 45 46 47 44 40 41 39 43 779 781 155 152 153 57 4529 
	}
}
zharr_naggrund_trade_node={
	location=810
	color={
		128 0 0 
	}
	outgoing={
		name="wheatlands_trade_node"
		path={
			806 805 2261 2260 803 801 800 790 791 794 
		}
		control={
			3204.000000 1647.000000 3168.000000 1710.000000 
		}
	}
	members={
		810 811 815 817 814 813 805 4197 4244 2264 2265 816 2256 812 807 808 809 806 2257 2258 2259 2260 2261 
	}
}
wheatlands_trade_node={
	location=794
	color={
		202 59 71 
	}
	outgoing={
		name="troll_county_trade_node"
		path={
			483 
		}
		control={
			3127.000000 1705.000000 3068.000000 1730.000000 3014.000000 1714.000000 
		}
	}
	members={
		793 804 794 791 800 786 784 785 795 787 802 801 798 803 796 797 783 788 790 799 792 789 762 
	}
}
troll_county_trade_node={
	location=339
	color={
		46 107 131 
	}
	outgoing={
		name="sea_of_claws_trade_node"
		path={
			1471 1252 1266 
		}
		control={
			2919.000000 1697.000000 2857.000000 1697.000000 
		}
	}
	outgoing={
		name="kislev_trade_node"
		path={
			1471 1252 1266 
		}
		control={
			2950.000000 1685.000000 
		}
	}
	outgoing={
		name="northern_mountains_trade_node"
		path={
			369 362 345 343 337 336 1927 443 4948 457 466 469 1119 
		}
		control={
			2968.000000 1743.000000 
		}
	}
	members={
		339 378 362 352 368 351 448 348 390 367 342 345 338 343 344 21 475 474 473 472 477 478 485 486 482 483 350 354 355 356 
	}
}
kislev_trade_node={
	location=325
	inland=yes
	color={
		72 115 41 
	}
	outgoing={
		name="sea_of_claws_trade_node"
		path={
			1471 1252 1266 
		}
		control={
			2916.000000 1661.000000 2855.000000 1693.000000 
		}
	}
	outgoing={
		name="talabec_river_trade_node"
		path={
			1471 1252 1266 
		}
		control={
			2889.000000 1642.000000 
		}
	}
	members={
		330 331 325 375 376 326 327 329 379 380 349 383 384 389 328 357 381 358 
	}
}
talabec_river_trade_node={
	location=162
	inland=yes
	color={
		232 109 183 
	}
	outgoing={
		name="marienburg_trade_node"
		path={
			1471 1252 1266 
		}
		control={
			2727.000000 1603.000000 
		}
	}
	outgoing={
		name="sea_of_claws_trade_node"
		path={
			1471 1252 1266 
		}
		control={
			2773.000000 1659.000000 2751.000000 1695.000000 
		}
	}
	members={
		9 16 740 161 156 42 34 167 20 10 110 119 125 113 116 105 112 103 365 107 132 131 134 135 137 133 136 146 147 145 150 158 157 159 160 162 171 166 761 393 
	}
}
sea_of_claws_trade_node={
	location=1928
	color={
		17 24 66 
	}
	outgoing={
		name="marienburg_trade_node"
		path={
			1471 1252 1266 
		}
		control={
			2754.000000 1722.000000 2649.000000 1720.000000 
		}
	}
	members={
		424 433 437 440 411 410 208 209 128 123 127 122 373 130 140 139 126 141 144 149 366 347 332 363 333 26 341 336 335 447 446 445 443 442 441 431 432 438 439 430 428 427 1252 1257 1488 1471 1929 1722 1255 1927 1485 1928 426 610 743 744 4892 4932 
	}
}
northern_mountains_trade_node={
	location=1163
	inland=yes
	color={
		102 70 42 
	}
	outgoing={
		name="karaz_a_karak_trade_node"
		path={
			4945 448 21 338 345 367 368 384 383 375 374 329 181 185 184 195 199 198 4471 4470 4472 4531 4533 4536 4463 703 700 
		}
		control={
			2980.000000 1770.000000 3036.000000 1754.000000 3055.000000 1736.000000 3064.000000 1715.000000 3022.000000 1605.000000 3021.000000 1571.000000 2989.000000 1559.000000 2969.000000 1551.000000 2967.000000 1529.000000 2977.000000 1518.000000 
		}
	}
	members={
		4573 1174 1171 1172 1175 1176 1119 1126 1129 1123 1130 1131 1132 1133 1127 1128 1134 1135 1136 1159 1147 1145 1144 1143 1142 1141 1138 1148 1149 1137 1156 1139 1155 1152 1158 1151 1140 1154 1153 1157 1150 1177 1167 1169 1163 4572 4570 4569 
	}
}
karaz_a_karak_trade_node={
	location=700
	inland=yes
	color={
		70 96 177 
	}
	outgoing={
		name="western_mountains_trade_node"
		path={
			701 704 870 868 4951 4529 4160 4503 
		}
		control={
			2977.000000 1519.000000 2966.000000 1539.000000 2913.000000 1524.000000 2870.000000 1491.000000 2790.000000 1462.000000 2769.000000 1462.000000 2717.000000 1449.000000 
		}
	}
	members={
		700 703 702 701 704 1204 4452 4451 4453 4454 4934 4935 4838 4455 4456 4457 4458 4461 4543 4536 4463 4464 4462 353 359 360 361 4544 4546 4549 4548 4547 4545 4553 4554 4555 4550 4552 4551 4542 4472 4468 4469 4471 4470 4531 4533 4534 4532 4535 4541 4537 4538 4559 4558 4557 4556 4560 4561 4562 4564 4566 4565 4568 4567 4563 4577 
	}
}
western_mountains_trade_node={
	location=4503
	inland=yes
	color={
		255 255 128 
	}
	outgoing={
		name="skavenblight_trade_node"
		path={
			4160 688 4159 2344 
		}
		control={
			2713.000000 1443.000000 2664.000000 1469.000000 2630.000000 1471.000000 2556.000000 1470.000000 
		}
	}
	members={
		4500 4503 4506 4517 4113 4483 4484 4485 4426 4486 4487 4473 4476 4474 4467 4466 4475 4477 4479 4481 4480 4478 4499 4490 4491 4488 4492 4489 4493 4498 4505 4507 4511 4513 4515 4514 4516 4502 4496 4495 4497 4494 4508 4504 4509 4510 4512 4501 340 334 337 
	}
}
calith_trade_node={
	location=2877
	color={
		66 154 209 
	}
	outgoing={
		name="eastern_colonies_trade_node"
		path={
			1342 1459 1511 2748 
		}
		control={
			4056.000000 199.000000 3753.000000 331.000000 
		}
	}
	members={
		2877 2879 2900 2890 2878 4587 4751 4752 2403 4146 2425 4758 4150 2426 4759 2424 2428 1028 2896 2893 2897 2895 2899 4755 4753 4757 4756 4754 4786 2902 4172 4256 1497 1419 1421 1342 1411 
	}
}
eastern_colonies_trade_node={
	location=2748
	color={
		255 128 64 
	}
	outgoing={
		name="dawns_light_trade_node"
		path={
			1504 1492 1487 4331 4330 4329 4328 4327 
		}
		control={
			3333.000000 370.000000 2901.540039 101.300003 
		}
	}
	members={
		551 2748 2778 4308 4306 4305 4307 2936 4304 4309 1994 4312 4314 4315 2007 2740 2746 2747 2741 1996 4313 2742 4316 4310 2743 2744 2745 2005 4119 4118 4114 4115 4120 4116 4117 4122 4121 4123 4124 4142 4428 4427 4143 4131 4128 4149 4127 4126 4147 4090 4144 4145 4125 4148 
	}
}
dawns_light_trade_node={
	location=4327
	color={
		255 255 128 
	}
	outgoing={
		name="inner_sea_trade_node"
		path={
			1461 1455 1453 1447 1441 1436 1432 1431 1311 1283 1394 451 
		}
		control={
			2539.000000 146.000000 2034.000000 662.000000 1652.000000 948.000000 1567.000000 1045.000000 
		}
	}
	outgoing={
		name="sud_trade_node"
		path={
			1461 1462 1454 1451 1446 1468 1004 
		}
		control={
			2538.000000 193.000000 
		}
	}
	members={
		4325 4376 4329 4328 4326 4327 4340 4341 4342 4343 4330 4331 4332 916 1461 1478 1465 1482 1484 
	}
}
sud_trade_node={
	location=1004
	color={
		181 149 53 
	}
	outgoing={
		name="fertile_heart_trade_node"
		path={
			1245 1239 1238 4164 1026 1020 1019 1017 4193 1746 
		}
		control={
			2113.000000 760.000000 1974.000000 827.000000 2007.000000 1016.000000 2077.000000 1120.000000 
		}
	}
	members={
		4206 4204 4205 4202 4201 4200 1247 1004 1243 1229 1228 1226 1225 2239 1224 1223 780 1013 1227 1230 1244 1246 1245 4203 1125 
	}
}
fertile_heart_trade_node={
	location=1746
	color={
		31 116 222 
	}
	outgoing={
		name="magritta_trade_node"
		path={
			1748 998 991 986 978 985 974 1304 1253 1476 1293 553 
		}
		control={
			2131.000000 1215.000000 
		}
	}
	outgoing={
		name="middle_sea_trade_node"
		path={
			1748 998 991 986 978 967 1304 1253 1476 1293 497 536 532 526 527 1564 1289 
		}
		control={
			2085.000000 1243.000000 2320.000000 1493.000000 2399.000000 1550.000000 
		}
	}
	outgoing={
		name="eastern_ulthuan_trade_node"
		path={
			1457 1366 1572 1316 1290 1965 
		}
		control={
			2016.000000 1212.000000 1809.000000 1320.000000 1744.000000 1297.000000 
		}
	}
	members={
		1746 994 1002 1748 997 1998 4193 1025 1017 1019 1012 984 1011 1007 995 1005 1003 1006 996 1009 1014 1016 1015 1018 1024 4194 992 987 988 989 991 986 990 4168 966 965 964 975 985 971 980 977 976 967 974 973 978 1049 1029 1030 1031 998 993 982 981 1001 
	}
}
magritta_trade_node={
	location=553
	color={
		143 138 231 
	}
	outgoing={
		name="bilbali_trade_node"
		path={
			1471 1252 1266 
		}
		control={
			2413.000000 1473.000000 
		}
	}
	outgoing={
		name="tilean_sea_trade_node"
		path={
			1471 1252 1266 
		}
		control={
			2437.000000 1359.000000 
		}
	}
	members={
		282 499 504 505 506 507 508 518 517 516 520 519 509 503 549 498 553 501 500 510 542 536 531 497 496 493 495 492 489 494 490 488 487 555 624 759 760 1293 1292 1460 1291 
	}
}
bilbali_trade_node={
	location=554
	color={
		93 178 229 
	}
	outgoing={
		name="middle_sea_trade_node"
		path={
			1471 1252 1266 
		}
		control={
			2418.000000 1535.000000 2446.000000 1549.000000 
		}
	}
	members={
		512 534 548 515 513 511 514 545 546 552 554 541 540 539 535 538 533 528 530 529 527 525 524 526 544 1871 532 543 248 1278 1564 
	}
}
middle_sea_trade_node={
	location=1289
	color={
		78 60 96 
	}
	outgoing={
		name="marienburg_trade_node"
		path={
			1471 1252 1266 
		}
		control={
			2468.000000 1576.000000 2435.000000 1634.000000 2481.000000 1705.000000 2614.000000 1699.000000 2644.000000 1667.000000 
		}
	}
	members={
		4246 264 289 484 242 286 285 288 293 292 287 291 284 290 296 391 392 312 297 323 298 300 301 283 317 302 254 252 255 249 303 256 257 250 251 247 240 239 232 228 246 241 233 231 1289 1276 1270 
	}
}
tilean_sea_trade_node={
	location=1300
	color={
		128 33 150 
	}
	outgoing={
		name="eastern_ulthuan_trade_node"
		path={
			1295 1259 1476 1307 1566 1366 1572 1316 1290 1965 
		}
		control={
			2368.000000 1310.000000 1852.000000 1352.000000 1744.000000 1352.000000 1722.000000 1349.000000 
		}
	}
	outgoing={
		name="skavenblight_trade_node"
		path={
			1297 2336 2344 
		}
		control={
			2562.000000 1425.000000 
		}
	}
	members={
		560 562 563 564 566 618 568 569 576 571 573 572 578 575 579 581 582 580 585 583 584 592 591 593 597 588 594 589 595 598 600 603 602 604 605 606 607 612 611 608 613 590 596 561 558 556 621 620 623 622 1323 1932 1295 1297 626 625 627 628 1300 742 4234 
	}
}
marienburg_trade_node={
	location=79
	color={
		89 133 92 
	}
	outgoing={
		name="eastern_ulthuan_trade_node"
		path={
			84 82 695 324 321 312 297 291 284 1276 4233 1563 1567 1572 1316 1290 1965 
		}
		control={
			2614.000000 1713.000000 2456.000000 1701.000000 2310.000000 1561.000000 1921.000000 1479.000000 1684.000000 1424.000000 1696.000000 1380.000000 
		}
	}
	members={
		273 1 3 7 25 24 15 18 17 2 388 4 8 11 29 30 80 81 82 83 84 85 86 87 88 89 90 92 93 94 95 96 97 98 99 100 101 104 299 295 294 305 306 307 308 309 310 314 315 316 318 322 324 1266 1310 1272 79 695 346 4933 
	}
}
eastern_ulthuan_trade_node={
	location=1965
	color={
		51 125 188 
	}
	outgoing={
		name="inner_sea_trade_node"
		path={
			1301 1287 1288 1394 451 
		}
		control={
			1530.000000 1394.000000 1540.000000 1334.000000 1648.000000 1269.000000 1661.000000 1172.000000 1587.000000 1088.000000 1562.000000 1065.000000 
		}
	}
	members={
		1936 1937 1881 1941 1938 1940 1942 1939 1943 1945 1944 1946 1955 1972 1956 1957 1949 1966 1965 1947 1968 1813 1948 1969 1970 1952 1930 1971 1951 1973 1953 1974 1317 1287 1319 1316 1313 1290 1299 1320 1301 
	}
}
inner_sea_trade_node={
	location=451
	color={
		14 94 82 
	}
	members={
		451 1796 1212 1798 1209 1855 1850 1854 1853 1852 1846 1799 1800 1805 1806 1807 1931 1809 1810 1775 1811 1815 1935 1812 1819 1825 1822 1816 1828 1821 1264 1271 1269 1268 1286 1275 1820 1818 1826 1959 1824 1830 1827 1833 1834 1837 1832 1836 1838 1841 1840 1842 1844 1843 1958 1802 1851 1848 1849 1845 1847 1394 1857 1856 1859 1860 1858 1954 1283 1288 
	}
	end=yes
}
south_skavendom_trade_node={
	location=4716
	color={
		125 20 26 
	}
	outgoing={
		name="skavenblight_trade_node"
		path={
			4716 
		}
		control={
		}
	}
	members={
		4645 4623 4714 4705 4691 4708 4834 4713 4715 4711 4710 4707 4709 4694 4718 4695 4693 4692 4690 4644 4689 4688 4704 4687 4686 4696 4685 4703 4712 4702 4717 4672 4673 4670 4667 4671 4624 4675 4674 4678 4677 4681 4699 4716 4684 4701 4700 4683 4682 4680 4679 4676 
	}
}
north_skavendom_trade_node={
	location=4640
	color={
		45 42 143 
	}
	outgoing={
		name="skavenblight_trade_node"
		path={
			4640 
		}
		control={
		}
	}
	members={
		4657 4633 4632 4631 4630 4616 4619 4698 4697 4669 4719 4653 4652 4649 4648 4627 4650 4654 4656 4655 4651 4628 4658 4659 4640 4662 4663 4665 4636 4637 4626 4638 4635 4666 4634 4646 4664 4661 4660 4642 4641 4706 4647 4643 4723 
	}
}
skavenblight_trade_node={
	location=2344
	color={
		64 0 64 
	}
	members={
		2344 2336 4528 4527 4524 4526 4523 4525 4522 4521 4520 4519 4518 169 4600 4621 4602 4609 4622 4607 4606 4610 4605 4604 4603 4615 4614 4611 4612 4601 4613 4639 4617 4618 4668 
	}
	end=yes
}
